
Evaluating k=3
0.8929  0       0       0       0       0       0       0       0       0       
0       1  0.0526  0.1  0       0       0.0541  0       0       0       
0       0       0.8947  0.0333  0       0       0       0       0       0       
0       0       0       0.7  0       0.0385  0       0       0       0.037  
0       0       0       0       0.9286  0       0       0       0       0.037  
0       0       0       0.0667  0       0.8077  0       0       0       0       
0.1071  0       0       0       0       0       0.9459  0       0.0357  0       
0       0       0.0263  0       0       0.0385  0       0.9333  0       0       
0       0       0.0263  0.0333  0       0.0385  0       0       0.9643  0       
0       0       0       0.0667  0.0714  0.0769  0       0.0667  0       0.9259  
